08100001
00000000
34010000
34020000
34030000
34040000
34050000
34060000
34070000
34080000
34090000
340a0000
340b0000
340c0000
340d0000
340e0001
340f0000
34100000
34110000
34120000
34130000
34140000
34150000
34160000
34170000
34180000
34190000
341a0000
341b0000
341c0001
341d0000
08100021
00000000
00000000
0c100029
00000000
0c10003e
00000000
13800045
00000000
08100021
00000000
341c0001
90171600
90171600
00000000
12e00006
00000000
12e20009
00000000
36e20000
03e00008
00000000
00000000
34170000
34020000
03e00008
00000000
00000000
34170000
03e00008
00000000
00000000
12e00029
00000000
3404000d
12e40006
00000000
34040008
12e4000a
00000000
0810005f
00000000
00000000
341c0000
a3191900
34190000
23180001
08100069
00000000
00000000
13200007
00000000
032ec822
00182980
00b92820
a0a02000
08100069
00000000
00000000
030ec022
93191900
93191900
08100069
00000000
00000000
00182980
00b92820
a0b72000
23390001
34040040
1324ffe3
00000000
08100069
00000000
00000000
03e00008
00000000
00000000
030e2022
00042180
90862000
90862000
3414002e
14d40037
00000000
20840001
90862000
90862000
3414002f
14d40031
00000000
20840001
08100083
00000000
00000000
08100096
00000000
00000000
081000ad
00000000
00000000
90862000
90862000
20010068
1426fff5
00000000
20840001
90862000
90862000
34140065
14d4ffef
00000000
20840001
90862000
90862000
34a5006c
14c5ffe9
00000000
081000b6
00000000
90862000
90862000
34a50066
14c5ffe5
00000000
20840001
90862000
90862000
34a50069
14c5ffdf
00000000
20840001
90862000
90862000
34a50062
14c5ffd9
00000000
081000de
00000000
00000000
08100021
00000000
00000000
34170046
0c10003e
00000000
3417000d
0c10003e
00000000
08100021
00000000
00000000
34170068
0c10003e
00000000
34170065
0c10003e
00000000
3417006c
0c10003e
00000000
3417006c
0c10003e
00000000
3417006f
0c10003e
00000000
34170020
0c10003e
00000000
34170077
0c10003e
00000000
3417006f
0c10003e
00000000
34170072
0c10003e
00000000
3417006c
0c10003e
00000000
34170064
0c10003e
00000000
3417000d
0c10003e
00000000
34ff0000
343c0001
08100021
00000000
0c100029
00000000
2001000d
10370011
00000000
0c1000f6
00000000
34090000
340a0001
340b0001
11000016
00000000
00000000
110b0017
00000000
00096025
000a4825
014c5020
216b0001
081000eb
00000000
00000000
081000de
00000000
20010001
03018022
00108180
92112000
92112000
34140030
02344022
03e00008
00000000
00000000
34170000
08100021
00000000
00000000
000ab825
0c10003e
00000000
3417000d
0c10003e
00000000
08100021
00000000
